//TOOLINTF 0
0,0,0
0,0,300
100,100
0,0,0
0,0,0
0,0
0,0,0
0,0,0
0,0
0,0,0
0,0,0
0,0
0,0,0
0,0,0
0,0
//TOOLINTF 1
0,0,0
0,0,300
100,100
0,0,0
0,0,0
0,0
0,0,0
0,0,0
0,0
0,0,0
0,0,0
0,0
0,0,0
0,0,0
0,0
//TOOLINTF 2
0,0,0
0,0,0
0,0
0,0,0
0,0,0
0,0
0,0,0
0,0,0
0,0
0,0,0
0,0,0
0,0
0,0,0
0,0,0
0,0
//TOOLINTF 3
0,0,0
0,0,0
0,0
0,0,0
0,0,0
0,0
0,0,0
0,0,0
0,0
0,0,0
0,0,0
0,0
0,0,0
0,0,0
0,0
//TOOLINTF 4
0,0,0
0,0,0
0,0
0,0,0
0,0,0
0,0
0,0,0
0,0,0
0,0
0,0,0
0,0,0
0,0
0,0,0
0,0,0
0,0
//TOOLINTF 5
0,0,0
0,0,0
0,0
0,0,0
0,0,0
0,0
0,0,0
0,0,0
0,0
0,0,0
0,0,0
0,0
0,0,0
0,0,0
0,0
//TOOLINTF 6
0,0,0
0,0,0
0,0
0,0,0
0,0,0
0,0
0,0,0
0,0,0
0,0
0,0,0
0,0,0
0,0
0,0,0
0,0,0
0,0
//TOOLINTF 7
0,0,0
0,0,0
0,0
0,0,0
0,0,0
0,0
0,0,0
0,0,0
0,0
0,0,0
0,0,0
0,0
0,0,0
0,0,0
0,0
//TOOLINTF 8
0,0,0
0,0,0
0,0
0,0,0
0,0,0
0,0
0,0,0
0,0,0
0,0
0,0,0
0,0,0
0,0
0,0,0
0,0,0
0,0
//TOOLINTF 9
0,0,0
0,0,0
0,0
0,0,0
0,0,0
0,0
0,0,0
0,0,0
0,0
0,0,0
0,0,0
0,0
0,0,0
0,0,0
0,0
//TOOLINTF 10
0,0,0
0,0,0
0,0
0,0,0
0,0,0
0,0
0,0,0
0,0,0
0,0
0,0,0
0,0,0
0,0
0,0,0
0,0,0
0,0
//TOOLINTF 11
0,0,0
0,0,0
0,0
0,0,0
0,0,0
0,0
0,0,0
0,0,0
0,0
0,0,0
0,0,0
0,0
0,0,0
0,0,0
0,0
//TOOLINTF 12
0,0,0
0,0,0
0,0
0,0,0
0,0,0
0,0
0,0,0
0,0,0
0,0
0,0,0
0,0,0
0,0
0,0,0
0,0,0
0,0
//TOOLINTF 13
0,0,0
0,0,0
0,0
0,0,0
0,0,0
0,0
0,0,0
0,0,0
0,0
0,0,0
0,0,0
0,0
0,0,0
0,0,0
0,0
//TOOLINTF 14
0,0,0
0,0,0
0,0
0,0,0
0,0,0
0,0
0,0,0
0,0,0
0,0
0,0,0
0,0,0
0,0
0,0,0
0,0,0
0,0
//TOOLINTF 15
0,0,0
0,0,0
0,0
0,0,0
0,0,0
0,0
0,0,0
0,0,0
0,0
0,0,0
0,0,0
0,0
0,0,0
0,0,0
0,0
//TOOLINTF 16
0,0,0
0,0,0
0,0
0,0,0
0,0,0
0,0
0,0,0
0,0,0
0,0
0,0,0
0,0,0
0,0
0,0,0
0,0,0
0,0
//TOOLINTF 17
0,0,0
0,0,0
0,0
0,0,0
0,0,0
0,0
0,0,0
0,0,0
0,0
0,0,0
0,0,0
0,0
0,0,0
0,0,0
0,0
//TOOLINTF 18
0,0,0
0,0,0
0,0
0,0,0
0,0,0
0,0
0,0,0
0,0,0
0,0
0,0,0
0,0,0
0,0
0,0,0
0,0,0
0,0
//TOOLINTF 19
0,0,0
0,0,0
0,0
0,0,0
0,0,0
0,0
0,0,0
0,0,0
0,0
0,0,0
0,0,0
0,0
0,0,0
0,0,0
0,0
//TOOLINTF 20
0,0,0
0,0,0
0,0
0,0,0
0,0,0
0,0
0,0,0
0,0,0
0,0
0,0,0
0,0,0
0,0
0,0,0
0,0,0
0,0
//TOOLINTF 21
0,0,0
0,0,0
0,0
0,0,0
0,0,0
0,0
0,0,0
0,0,0
0,0
0,0,0
0,0,0
0,0
0,0,0
0,0,0
0,0
//TOOLINTF 22
0,0,0
0,0,0
0,0
0,0,0
0,0,0
0,0
0,0,0
0,0,0
0,0
0,0,0
0,0,0
0,0
0,0,0
0,0,0
0,0
//TOOLINTF 23
0,0,0
0,0,0
0,0
0,0,0
0,0,0
0,0
0,0,0
0,0,0
0,0
0,0,0
0,0,0
0,0
0,0,0
0,0,0
0,0
//TOOLINTF 24
0,0,0
0,0,0
0,0
0,0,0
0,0,0
0,0
0,0,0
0,0,0
0,0
0,0,0
0,0,0
0,0
0,0,0
0,0,0
0,0
//TOOLINTF 25
0,0,0
0,0,0
0,0
0,0,0
0,0,0
0,0
0,0,0
0,0,0
0,0
0,0,0
0,0,0
0,0
0,0,0
0,0,0
0,0
//TOOLINTF 26
0,0,0
0,0,0
0,0
0,0,0
0,0,0
0,0
0,0,0
0,0,0
0,0
0,0,0
0,0,0
0,0
0,0,0
0,0,0
0,0
//TOOLINTF 27
0,0,0
0,0,0
0,0
0,0,0
0,0,0
0,0
0,0,0
0,0,0
0,0
0,0,0
0,0,0
0,0
0,0,0
0,0,0
0,0
//TOOLINTF 28
0,0,0
0,0,0
0,0
0,0,0
0,0,0
0,0
0,0,0
0,0,0
0,0
0,0,0
0,0,0
0,0
0,0,0
0,0,0
0,0
//TOOLINTF 29
0,0,0
0,0,0
0,0
0,0,0
0,0,0
0,0
0,0,0
0,0,0
0,0
0,0,0
0,0,0
0,0
0,0,0
0,0,0
0,0
//TOOLINTF 30
0,0,0
0,0,0
0,0
0,0,0
0,0,0
0,0
0,0,0
0,0,0
0,0
0,0,0
0,0,0
0,0
0,0,0
0,0,0
0,0
//TOOLINTF 31
0,0,0
0,0,0
0,0
0,0,0
0,0,0
0,0
0,0,0
0,0,0
0,0
0,0,0
0,0,0
0,0
0,0,0
0,0,0
0,0
//TOOLINTF 32
0,0,0
0,0,0
0,0
0,0,0
0,0,0
0,0
0,0,0
0,0,0
0,0
0,0,0
0,0,0
0,0
0,0,0
0,0,0
0,0
//TOOLINTF 33
0,0,0
0,0,0
0,0
0,0,0
0,0,0
0,0
0,0,0
0,0,0
0,0
0,0,0
0,0,0
0,0
0,0,0
0,0,0
0,0
//TOOLINTF 34
0,0,0
0,0,0
0,0
0,0,0
0,0,0
0,0
0,0,0
0,0,0
0,0
0,0,0
0,0,0
0,0
0,0,0
0,0,0
0,0
//TOOLINTF 35
0,0,0
0,0,0
0,0
0,0,0
0,0,0
0,0
0,0,0
0,0,0
0,0
0,0,0
0,0,0
0,0
0,0,0
0,0,0
0,0
//TOOLINTF 36
0,0,0
0,0,0
0,0
0,0,0
0,0,0
0,0
0,0,0
0,0,0
0,0
0,0,0
0,0,0
0,0
0,0,0
0,0,0
0,0
//TOOLINTF 37
0,0,0
0,0,0
0,0
0,0,0
0,0,0
0,0
0,0,0
0,0,0
0,0
0,0,0
0,0,0
0,0
0,0,0
0,0,0
0,0
//TOOLINTF 38
0,0,0
0,0,0
0,0
0,0,0
0,0,0
0,0
0,0,0
0,0,0
0,0
0,0,0
0,0,0
0,0
0,0,0
0,0,0
0,0
//TOOLINTF 39
0,0,0
0,0,0
0,0
0,0,0
0,0,0
0,0
0,0,0
0,0,0
0,0
0,0,0
0,0,0
0,0
0,0,0
0,0,0
0,0
//TOOLINTF 40
0,0,0
0,0,0
0,0
0,0,0
0,0,0
0,0
0,0,0
0,0,0
0,0
0,0,0
0,0,0
0,0
0,0,0
0,0,0
0,0
//TOOLINTF 41
0,0,0
0,0,0
0,0
0,0,0
0,0,0
0,0
0,0,0
0,0,0
0,0
0,0,0
0,0,0
0,0
0,0,0
0,0,0
0,0
//TOOLINTF 42
0,0,0
0,0,0
0,0
0,0,0
0,0,0
0,0
0,0,0
0,0,0
0,0
0,0,0
0,0,0
0,0
0,0,0
0,0,0
0,0
//TOOLINTF 43
0,0,0
0,0,0
0,0
0,0,0
0,0,0
0,0
0,0,0
0,0,0
0,0
0,0,0
0,0,0
0,0
0,0,0
0,0,0
0,0
//TOOLINTF 44
0,0,0
0,0,0
0,0
0,0,0
0,0,0
0,0
0,0,0
0,0,0
0,0
0,0,0
0,0,0
0,0
0,0,0
0,0,0
0,0
//TOOLINTF 45
0,0,0
0,0,0
0,0
0,0,0
0,0,0
0,0
0,0,0
0,0,0
0,0
0,0,0
0,0,0
0,0
0,0,0
0,0,0
0,0
//TOOLINTF 46
0,0,0
0,0,0
0,0
0,0,0
0,0,0
0,0
0,0,0
0,0,0
0,0
0,0,0
0,0,0
0,0
0,0,0
0,0,0
0,0
//TOOLINTF 47
0,0,0
0,0,0
0,0
0,0,0
0,0,0
0,0
0,0,0
0,0,0
0,0
0,0,0
0,0,0
0,0
0,0,0
0,0,0
0,0
//TOOLINTF 48
0,0,0
0,0,0
0,0
0,0,0
0,0,0
0,0
0,0,0
0,0,0
0,0
0,0,0
0,0,0
0,0
0,0,0
0,0,0
0,0
//TOOLINTF 49
0,0,0
0,0,0
0,0
0,0,0
0,0,0
0,0
0,0,0
0,0,0
0,0
0,0,0
0,0,0
0,0
0,0,0
0,0,0
0,0
//TOOLINTF 50
0,0,0
0,0,0
0,0
0,0,0
0,0,0
0,0
0,0,0
0,0,0
0,0
0,0,0
0,0,0
0,0
0,0,0
0,0,0
0,0
//TOOLINTF 51
0,0,0
0,0,0
0,0
0,0,0
0,0,0
0,0
0,0,0
0,0,0
0,0
0,0,0
0,0,0
0,0
0,0,0
0,0,0
0,0
//TOOLINTF 52
0,0,0
0,0,0
0,0
0,0,0
0,0,0
0,0
0,0,0
0,0,0
0,0
0,0,0
0,0,0
0,0
0,0,0
0,0,0
0,0
//TOOLINTF 53
0,0,0
0,0,0
0,0
0,0,0
0,0,0
0,0
0,0,0
0,0,0
0,0
0,0,0
0,0,0
0,0
0,0,0
0,0,0
0,0
//TOOLINTF 54
0,0,0
0,0,0
0,0
0,0,0
0,0,0
0,0
0,0,0
0,0,0
0,0
0,0,0
0,0,0
0,0
0,0,0
0,0,0
0,0
//TOOLINTF 55
0,0,0
0,0,0
0,0
0,0,0
0,0,0
0,0
0,0,0
0,0,0
0,0
0,0,0
0,0,0
0,0
0,0,0
0,0,0
0,0
//TOOLINTF 56
0,0,0
0,0,0
0,0
0,0,0
0,0,0
0,0
0,0,0
0,0,0
0,0
0,0,0
0,0,0
0,0
0,0,0
0,0,0
0,0
//TOOLINTF 57
0,0,0
0,0,0
0,0
0,0,0
0,0,0
0,0
0,0,0
0,0,0
0,0
0,0,0
0,0,0
0,0
0,0,0
0,0,0
0,0
//TOOLINTF 58
0,0,0
0,0,0
0,0
0,0,0
0,0,0
0,0
0,0,0
0,0,0
0,0
0,0,0
0,0,0
0,0
0,0,0
0,0,0
0,0
//TOOLINTF 59
0,0,0
0,0,0
0,0
0,0,0
0,0,0
0,0
0,0,0
0,0,0
0,0
0,0,0
0,0,0
0,0
0,0,0
0,0,0
0,0
//TOOLINTF 60
0,0,0
0,0,0
0,0
0,0,0
0,0,0
0,0
0,0,0
0,0,0
0,0
0,0,0
0,0,0
0,0
0,0,0
0,0,0
0,0
//TOOLINTF 61
0,0,0
0,0,0
0,0
0,0,0
0,0,0
0,0
0,0,0
0,0,0
0,0
0,0,0
0,0,0
0,0
0,0,0
0,0,0
0,0
//TOOLINTF 62
0,0,0
0,0,0
0,0
0,0,0
0,0,0
0,0
0,0,0
0,0,0
0,0
0,0,0
0,0,0
0,0
0,0,0
0,0,0
0,0
//TOOLINTF 63
0,0,0
0,0,0
0,0
0,0,0
0,0,0
0,0
0,0,0
0,0,0
0,0
0,0,0
0,0,0
0,0
0,0,0
0,0,0
0,0
